4294967278,71
4294967278,70
4294967278,68
4294967278,67
4294967278,66
4294967278,65
4294967278,64
4294967278,63
4294967278,61
4294967278,60
4294967278,59
4294967278,58
4294967278,57
4294967279,75
4294967279,69
4294967279,68
4294967279,62
4294967279,61
4294967279,60
4294967279,59
4294967279,58
4294967279,57
4294967279,56
4294967279,55
4294967279,54
4294967293,131
4294967293,130
4294967293,129
4294967293,128
4294967293,127
4294967293,126
4294967293,125
4294967293,124
4294967293,123
4294967293,122
4294967293,121
4294967293,120
4294967293,119
4294967293,118
4294967293,117
4294967293,116
4294967293,115
4294967293,114
4294967293,113
4294967293,112
4294967293,111
4294967293,110
4294967293,109
4294967293,108
4294967293,107
4294967293,106
4294967293,105
4294967293,104
4294967293,103
4294967293,102
4294967293,101
4294967293,100
4294967293,99
4294967293,98
4294967293,97
4294967293,96
4294967293,95
4294967293,94
4294967293,93
4294967293,92
4294967293,91
4294967293,90
4294967293,89
4294967293,87
4294967293,86
4294967293,85
4294967293,84
4294967293,83
4294967293,82
4294967293,81
4294967293,80
4294967293,79
4294967293,78
4294967293,77
4294967293,76
4294967293,75
4294967293,74
4294967293,73
4294967293,72
4294967293,71
4294967293,70
4294967293,69
4294967293,68
4294967293,67
4294967293,66
4294967293,65
4294967293,64
4294967293,63
4294967293,62
4294967293,61
4294967293,60
4294967293,59
4294967293,58
4294967293,57
4294967293,56
4294967293,55
4294967293,54
4294967293,53
4294967293,52
4294967293,51
4294967293,50
4294967293,49
4294967293,48
4294967293,47
4294967293,46
4294967293,45
4294967293,44
4294967293,43
4294967293,42
4294967293,41
4294967293,40
4294967293,39
4294967293,38
4294967293,37
4294967293,36
4294967293,35
4294967293,34
4294967293,33
4294967293,32
4294967293,31
4294967293,30
4294967293,29
4294967293,28
4294967293,27
4294967293,26
4294967293,25
4294967293,24
4294967293,23
4294967293,22
4294967293,21
4294967293,20
4294967293,19
4294967293,18
4294967293,17
4294967293,16
4294967293,15
4294967293,14
4294967293,13
4294967293,12
4294967293,11
4294967293,10
4294967293,9
4294967293,8
4294967293,7
4294967293,6
4294967293,5
4294967293,4
4294967293,3
4294967278,100
4294967278,89
4294967278,87
4294967278,86
4294967278,85
4294967278,83
4294967278,82
4294967278,80
4294967278,79
4294967278,77
4294967278,76
4294967278,75
4294967278,74
4294967278,354
4294967278,52
4294967278,353
4294967278,51
4294967278,352
4294967278,50
4294967278,351
4294967278,49
4294967278,48
4294967278,47
4294967278,46
4294967278,295
4294967278,43
4294967278,348
4294967278,42
4294967278,41
4294967278,293
4294967278,40
4294967278,39
4294967278,38
4294967278,37
4294967278,36
4294967278,35
4294967278,343
4294967278,34
4294967278,33
4294967278,32
4294967278,31
4294967278,30
4294967278,29
4294967278,28
4294967278,27
4294967278,26
4294967278,25
4294967278,24
4294967278,23
4294967278,22
4294967278,21
4294967278,20
4294967278,19
4294967278,18
4294967278,17
4294967278,16
4294967278,15
4294967278,14
4294967278,13
4294967278,12
4294967278,11
4294967278,10
4294967278,0
4294967278,260
4294967279,127
4294967279,123
4294967279,122
4294967279,117
4294967279,115
4294967279,114
4294967279,113
4294967279,109
4294967279,2
4294967279,101
4294967279,93
4294967279,83
4294967279,82
4294967279,74
4294967279,73
4294967279,72
4294967279,71
4294967279,70
4294967279,67
4294967279,66
4294967279,65
4294967279,63
4294967279,305
4294967279,423
4294967279,52
4294967279,304
4294967279,51
4294967279,422
4294967279,50
4294967279,421
4294967279,49
4294967279,48
4294967279,47
4294967279,44
4294967279,43
4294967279,42
4294967279,41
4294967279,39
4294967279,38
4294967279,36
4294967279,417
4294967279,35
4294967279,32
4294967279,30
4294967279,29
4294967279,24
4294967279,410
4294967279,88
4294967279,174
4294967279,0
4294967279,260
4294967294,5
4294967294,1372
4294967294,1805
4294967294,1391
4294967294,1357
4294967294,1023
4294967294,1374
4294967294,1800
4294967294,1804
4294967294,940
4294967294,939
4294967294,938
4294967294,937
4294967294,936
4294967294,935
4294967294,932
4294967294,931
4294967294,930
4294967294,929
4294967294,927
4294967294,925
4294967294,479
4294967294,924
4294967294,923
4294967294,922
4294967294,921
4294967294,919
4294967294,918
4294967294,1802
4294967294,917
4294967294,916
4294967294,915
4294967294,914
4294967294,913
4294967294,912
4294967294,911
4294967294,910
4294967294,909
4294967294,907
4294967294,906
4294967294,905
4294967294,904
4294967294,903
4294967294,901
4294967294,1211
4294967294,900
4294967294,899
4294967294,898
4294967294,897
4294967294,896
4294967294,892
4294967294,891
4294967294,890
4294967294,889
4294967294,888
4294967294,665
4294967294,887
4294967294,886
4294967294,885
4294967294,884
4294967294,650
4294967294,883
4294967294,880
4294967294,879
4294967294,878
4294967294,876
4294967294,875
4294967294,874
4294967294,873
4294967294,868
4294967294,867
4294967294,865
4294967294,863
4294967294,862
4294967294,860
4294967294,859
4294967294,1206
4294967294,853
4294967294,852
4294967294,851
4294967294,664
4294967294,849
4294967294,848
4294967294,847
4294967294,846
4294967294,845
4294967294,844
4294967294,843
4294967294,842
4294967294,841
4294967294,838
4294967294,837
4294967294,836
4294967294,835
4294967294,834
4294967294,833
4294967294,832
4294967294,831
4294967294,828
4294967294,827
4294967294,659
4294967294,823
4294967294,821
4294967294,819
4294967294,818
4294967294,817
4294967294,816
4294967294,813
4294967294,812
4294967294,810
4294967294,809
4294967294,808
4294967294,804
4294967294,802
4294967294,801
4294967294,799
4294967294,795
4294967294,794
4294967294,793
4294967294,792
4294967294,790
4294967294,789
4294967294,788
4294967294,787
4294967294,785
4294967294,784
4294967294,669
4294967294,783
4294967294,661
4294967294,781
4294967294,779
4294967294,777
4294967294,775
4294967294,488
4294967294,773
4294967294,772
4294967294,771
4294967294,658
4294967294,770
4294967294,769
4294967294,767
4294967294,766
4294967294,765
4294967294,764
4294967294,566
4294967294,762
4294967294,761
4294967294,760
4294967294,759
4294967294,670
4294967294,758
4294967294,757
4294967294,756
4294967294,755
4294967294,754
4294967294,657
4294967294,751
4294967294,750
4294967294,749
4294967294,748
4294967294,668
4294967294,747
4294967294,746
4294967294,745
4294967294,742
4294967294,740
4294967294,666
4294967294,652
4294967294,72
4294967294,655
4294967294,71
4294967294,737
4294967294,647
4294967294,736
4294967294,656
4294967294,735
4294967294,734
4294967294,70
4294967294,733
4294967294,731
4294967294,729
4294967294,1200
4294967294,726
4294967294,724
4294967294,723
4294967294,1700
4294967294,722
4294967294,721
4294967294,719
4294967294,717
4294967294,716
4294967294,715
4294967294,713
4294967294,712
4294967294,711
4294967294,707
4294967294,706
4294967294,705
4294967294,704
4294967294,639
4294967294,500
4294967294,638
4294967294,637
4294967294,636
4294967294,632
4294967294,649
4294967294,631
4294967294,625
4294967294,622
4294967294,621
4294967294,1376
4294967294,494
4294967294,620
4294967294,619
4294967294,617
4294967294,616
4294967294,613
4294967294,606
4294967294,605
4294967294,643
4294967294,603
4294967294,1798
4294967294,600
4294967294,596
4294967294,591
4294967294,590
4294967294,589
4294967294,1699
4294967294,586
4294967294,585
4294967294,584
4294967294,582
4294967294,1796
4294967294,1394
4294967294,46
4294967294,580
4294967294,1207
4294967294,578
4294967294,576
4294967294,574
4294967294,1388
4294967294,115
4294967294,426
4294967294,99
1,3
1,0
4294967294,572
4294967294,1696
4294967294,1698
4294967294,1190
4294967294,107
4294967294,569
4294967294,1697
4294967294,564
4294967294,1695
4294967294,563
4294967294,562
4294967294,561
4294967294,560
4294967294,1375
4294967294,558
4294967294,556
4294967294,1182
4294967294,555
4294967294,554
4294967294,553
4294967294,653
4294967294,552
4294967294,644
4294967294,551
4294967294,575
4294967294,1766
4294967294,527
4294967294,550
4294967294,549
4294967294,1799
4294967294,548
4294967294,547
4294967294,646
4294967294,648
4294967294,546
4294967294,667
4294967294,565
4294967294,544
4294967294,24
4294967294,543
4294967294,542
4294967294,662
4294967294,645
4294967294,640
4294967294,541
4294967294,654
4294967294,663
4294967294,814
4294967294,642
4294967294,660
4294967294,811
4294967294,651
4294967294,728
4294967294,727
4294967279,293
4294967279,292
4294967278,288
4294967279,277
4294967294,695
4294967294,1754
4294967294,2
4294967294,1692
4294967294,1741
4294967294,1693
4294967294,1694
4294967294,699
4294967294,1691
4294967294,687
4294967294,1690
4294967294,685
4294967294,1689
4294967294,694
4294967294,1
4294967294,1765
4294967294,1740
4294967294,1914
4294967294,1797
4294967294,701
4294967294,1767
4294967294,1687
4294967294,1688
4294967294,1686
4294967294,1768
4294967294,698
4294967294,1358
4294967294,441
4294967294,693
4294967294,1795
4294967294,26
4294967294,83
4294967294,1685
4294967294,1118
4294967294,435
4294967294,92
4294967294,91
4294967294,90
4294967294,88
4294967294,87
4294967294,86
4294967294,1742
4294967294,29
4294967294,28
4294967294,27
4294967294,25
4294967294,53
4294967294,51
4294967294,52
4294967294,82
4294967294,45
4294967294,44
4294967294,43
4294967294,684
4294967294,3
4294967294,1764
4294967294,686
4294967294,434
4294967294,688
4294967279,494
4294967279,493
4294967279,492
4294967279,314
4294967279,309
4294967279,491
4294967279,490
4294967278,424
4294967278,279
4294967279,489
4294967278,423
4294967279,252
4294967279,243
4294967279,488
4294967279,229
4294967278,422
4294967279,487
4294967279,486
4294967279,485
4294967278,420
4294967279,484
4294967278,284
4294967278,273
4294967279,483
4294967278,421
4294967279,310
4294967279,482
4294967279,481
4294967278,294
4294967279,298
4294967279,480
4294967278,418
4294967278,417
4294967278,274
4294967279,479
4294967278,416
4294967278,419
4294967279,478
4294967279,251
4294967279,239
4294967279,319
4294967279,477
4294967294,1684
4294967294,1794
4294967294,1680
4294967294,1679
4294967294,168
4294967294,1792
4294967294,1677
4294967294,1753
4294967294,1674
4294967294,1675
4294967294,1735
4294967294,125
4294967294,432
4294967294,1769
4294967294,689
4294967294,1673
4294967294,1761
4294967294,1763
4294967294,1744
4294967294,1759
4294967294,1748
4294967294,1758
4294967294,1755
4294967294,1672
4294967294,1671
4294967294,692
4294967294,1738
4294967294,1730
4294967294,1750
4294967294,1667
4294967294,1665
4294967294,508
4294967294,1664
4294967294,454
4294967294,1739
4294967294,515
4294967294,424
4294967294,1736
4294967294,1737
4294967294,395
4294967294,1390
4294967294,1733
4294967294,1731
4294967294,446
4294967294,427
